52 32.69 0.3 2.5 20 1256.8 -0.89 0.33 11 -55 267.2 0.52 0.05 -2.36 49.6 252 0.43 1.16 -2.06 -33 -123.2 1.6 -0.49 -6.06 65 296.1 -0.28 -0.26 -3.83 -22.6 -170 3.06 -1.05 -3.29 22.9 286.3 0.12 2.58 4.08 -33 -178.9 1.88 0.53 -7 -44 1987 -5.41 0.95 -4 -57 722.9 -3.26 -0.55 -7.5 125.5 1547.2 -0.36 1.12 9 -37 72.5 0.47 0.74 -11 -8 1595.1 -1.64 2.83 -2 -50 445.2 -0.35 0.26 0.76
58 33.33 0 16.5 9.5 608.1 0.5 0.07 20.5 -52.5 521.6 -1.08 0.58 -0.02 -3.2 103.6 -0.95 0.23 -2.87 -25.9 -52.2 -0.21 0.87 -1.81 10.4 62 -0.28 -0.04 1.48 -17.6 -198.3 3.43 2.84 5.87 -16.9 72.6 -0.31 2.79 2.71 -33.5 -11.6 -1.11 4.01 5 -57 666.3 1.13 4.38 5 -64 39.3 1.07 -0.16 32.5 100 1893.7 -2.8 -0.22 2.5 -28.5 45 0.58 0.41 -19 -6 762.9 0.29 0.82 -3 -35 140.3 1.16 0.39 0.73
77 27.27 -0.91 6 58.5 1623.6 -1.4 0.02 -6.5 -48 621 -1.2 0.14 -0.2 73.6 609.1 -0.44 -0.58 -0.04 -23 -27.4 -0.72 -1.04 -1.09 91.1 635.6 -0.88 0.24 0.59 -18.7 -7.2 -0.6 -2.82 -0.71 52.4 504.1 0.89 -0.67 -9.3 -20.8 -25.7 -0.77 -0.85 0 -20 2259 -0.94 1.15 -4 -44 -22.7 0.94 -0.98 -19 105 1267.9 1.03 1.27 11 -39.5 82.3 0.47 -0.19 -10 7 1491.8 0.32 -1.29 0 -34 658.2 -0.76 0.26 0.24
41 27.91 -0.35 3 46 1921.6 -1.36 -0.47 -32 -51.5 560.9 -0.29 -0.1 -1.11 124.3 791.6 0 0.39 -1.85 -21.7 -44.9 -0.21 0.02 0.89 133.9 797.8 -0.08 1.06 -0.26 -16.4 -74.1 0.97 -0.8 -0.41 66.9 955.3 -1.9 1.28 -6.65 -28.1 47.5 -1.91 1.42 1 -30 1846.7 0.76 1.1 -4 -52 -53.9 1.71 -0.22 -12 97.5 1969.8 -1.7 0.16 -1 -32.5 255.9 -0.46 1.57 10 6 2047.7 -0.98 1.53 0 -49 554.2 -0.83 0.39 0.73
50 28 -1.32 -9 12 464.8 0.88 0.19 8 -51.5 98.1 1.09 -0.33 -2.16 -3.9 102.7 0.39 -1.22 -3.39 -15.2 -42.2 -1.18 -1.11 -3.55 8.9 141.3 -0.16 -0.43 -4.15 -12.9 -13.4 -1.32 -0.98 -3.69 8.8 136.1 -0.3 4.13 1.89 -13 -18.7 -1.37 -0.93 0 -1 810.1 -2.29 6.72 1 -23 -29.7 0.58 -1.1 -18.5 33.5 206.8 1.84 -0.13 4 -29 30.1 0.8 -0.24 5 -14 479.5 0.68 -0.59 2 -36 -6.9 2.02 0.14 -0.23
55 29.09 -0.26 17 6.5 905.7 -0.69 0.04 6.5 -48 320.9 0.2 0.03 -3.36 -7.7 67.7 -1.03 -1.58 -3.16 -20.2 -19.8 -0.8 -0.15 -5.22 6.1 3.8 0 -0.18 -0.9 -17.6 -34.1 -0.19 -1.01 -4.18 -4.2 3.8 0.27 1.37 4.13 -25.7 -12 -0.9 -1.69 -8 -26 1087.5 -1.62 0.61 4 -48 78.9 1.21 -0.78 10.5 46.5 846.8 -0.91 -0.58 1.5 -25.5 128.7 0.05 -1.79 -6 10 769.3 -0.28 0.2 5 -36 288 0.53 0.15 0.58
42 23.81 -1.11 14 49.5 683.8 1 -1.53 -2.5 -31.5 341.7 -0.7 -1.45 -5.03 23 524 -0.27 -1.44 -0.9 -11.6 -73.2 1.13 -0.67 0.66 34.7 60.8 2.48 -0.3 0.24 -8.9 21.8 -1.29 0.42 4.96 13.6 729.4 -1.59 -0.56 2.39 -19.2 -40.6 0.5 -0.54 3 -26 1315.7 0.06 -1.85 1 -39 377.8 -0.92 -0.69 16.5 76 940 -0.12 -1.35 -4 -23 -4.4 1.23 0.95 -11 24 1011.3 1.22 2.11 -3 -33 374.3 -1.05 0.47 0.62
38 28.21 -0.39 11.5 20 1148.6 -0.85 -1.06 -4 -37 251.4 0.24 2.14 6.54 5.2 300.7 0.68 -0.52 -0.11 -14.7 -98.8 1.55 1.32 5.49 17.2 295.7 0.99 -0.92 -1.16 -10.9 -26.3 0.15 0.2 -1.27 9.7 190.9 1.44 1.5 0.96 -18.3 -32.6 0.09 0.42 -3 -19 951.2 1.5 2.13 1 -34 177.4 -0.8 -0.01 13 42 1213.1 -0.79 -1.37 -17 -23 6.3 1.28 -0.47 5 42 1629.9 -2.33 0.56 -3 -22 94.1 0.47 0.44 0.04
23 39.13 -0.25 -5.5 20 1061.9 0.27 -0.99 -9 -40 212.6 0.73 0.2 -0.82 4.3 388.8 0.43 -1.13 -0.57 -26.6 -49.3 0.51 -0.54 -0.07 19.7 746 -1.26 -0.5 0.01 -21.1 -20 0.15 2.37 3.01 -1.6 273.6 1.18 1.19 1.88 -27.4 -8 -0.37 1.52 4 -35 964.8 1.11 3.94 11 -51 -11 1.14 -0.64 -9.5 57 949 0.6 0.3 -2 -31 -1.9 1.16 -0.67 -3 27 1519 -1.43 -1.12 -5 -21 306.9 -0.55 0.8 0.5
79 27.27 -0.21 -28 26.5 852.2 1.25 3.3 33.5 -87.5 747.8 -2.17 -1.18 -5.67 51.3 474.6 -1.47 0 0.05 -21.5 -94.5 0.44 -2.38 -14.62 69.6 472.4 -1.37 0.22 0.88 -15.4 -66.6 0.35 -0.16 -1.47 31.8 329.4 0.69 1.2 -3.77 -23.3 -59.5 -0.05 2.98 -4 -33 1137.2 1.55 1.5 -9 -43 215.3 0.08 -0.48 -17 72 1568 -1.52 2.32 7 -50 303.9 -0.53 0.06 -19 6 1236.8 0.34 -0.75 -16 -35 446.8 -0.52 0.18 0.46
78 25.64 1.09 41.5 -47 446.3 0.58 -0.02 3.5 -67 426.7 -0.22 -0.42 -2.05 -5.7 -47.9 0.51 -0.73 -0.2 -16.1 -19.2 -0.92 0.89 5.61 -2.3 -32.5 0.53 0.08 -0.87 -12.9 -83.9 1.05 3.56 -0.16 -26.2 -32.5 0.35 3.75 1.66 -29.6 -72.8 0.25 4.07 -2 -57 119.2 0.81 4.31 -1 -58 -22.4 1.24 1.36 34.5 -6.5 596.2 -0.51 -0.7 -10 -32.5 206.8 0.07 2.47 23 23 165.9 1.76 0.37 -4 -22 333.8 -1.87 0.44 0.85
59 23.73 -0.73 -20.5 22 871.2 0.46 -0.03 -6.5 -48 380.3 -0.49 2.72 2.96 2.5 450 -1.34 -0.27 0.07 -16 -31.4 -0.97 3.32 5.28 12.2 450 -1.39 0.46 2.76 -12.4 16.4 -1.81 5.1 6.71 -9.6 450 -1.43 2.51 7.41 -28.4 -75 -0.01 -0.82 1 -36 973 0.05 0.81 6 -48 -74 1.81 0.05 -8.5 47 1082.3 -0.39 0.63 -0.5 -34 289.6 -1.66 -0.58 -4 23 1010 -0.47 2.4 7 -31 271.6 -0.72 0.36 0.6
60 40 0.25 7 -25.5 776.1 -0.67 0.62 -7 -65.5 624.7 -1.55 1.32 -1.19 -15.4 11.8 -0.41 1.89 2.74 -22.1 -37.4 -0.17 1.04 -3.04 -4.8 47.8 -0.99 0.59 0.05 -14.1 0.3 -0.56 0.95 -4.6 -23.4 -22.6 0.01 0.84 -8.67 -27.2 5.3 -0.81 0.29 -12 -47 154.1 0.21 2.16 -9 -55 -16.5 1 0.44 -12.5 10 901.1 -1.06 -0.92 -25.5 -30 489.7 -1.98 3.65 8 -14 406.4 0.46 3.97 1 -36 92.2 0.19 0.32 0.58
74 29.73 0.51 14 -17 846.9 -0.21 1.23 19.5 -65.5 601.9 -0.78 0.54 1.92 -10.5 44.7 -0.77 0.86 1.76 -20.9 -110.9 1.06 -0.65 -1.42 5.2 119.1 -1.69 -0.99 -0.16 -11.3 48.7 -1.61 2.28 3.09 -12.9 49.9 -0.41 1.08 -5.02 -20.3 -112.3 1.35 4.01 2 -42 697.9 -0.23 3.02 -3 -44 31.4 0.74 0.13 13 31.5 762.1 0.37 3.26 28.5 -51.5 305.7 -0.62 0.65 13 -10 434.5 0.76 2.05 7 -39 -0.2 1.87 0.32 0.16
32 27.27 1.56 2 3.5 854.9 0.13 0.91 0 -45 160.8 0.68 1.1 0 -1.8 130.9 0.56 2.45 3.88 -24.7 -87.5 0.93 1.92 0.36 10.5 175.9 -0.27 0.34 0.09 -14 -66.2 0.82 1.32 -1.94 -3.7 226.2 -0.71 2.21 -3.28 -29.2 -92.8 1.12 1.37 -7 -41 892.2 1.01 1.88 -5 -53 129.1 0.63 1.81 4.5 24.5 675.8 0.9 1.4 7.5 -34.5 -10.2 0.98 1.08 -3 -8 1005.3 -0.2 2.83 10 -46 662.8 -1.61 0.35 0.68
49 26.42 0.26 43.5 -1.5 560.1 1.03 -0.89 -5 -43.5 380.5 -0.12 0.09 3.59 -12.5 89 -0.84 1.54 2.9 -22.8 -44 0.24 0.61 8.05 0.2 51.9 -0.16 -0.19 -1.74 -12.1 -62.4 1.23 0.92 4.31 -21.2 49.7 -0.1 1.78 1.9 -30.1 -80.5 0.79 0.82 3 -54 202 1.92 -0.46 -1 -55 27.1 1.37 2.57 54.5 12.5 581.7 0.58 -1.37 -5 -21 292.9 -2.02 -1.84 -8 3 371.4 1.23 -1.48 -2 -30 267.7 0.44 0.28 0.54
42 35.71 -0.78 -1 0.5 233.4 2.14 0.66 -2 -63 325.3 -0.71 -0.51 -0.67 4 275.7 -0.84 -1.07 0.55 -13.3 -115.7 0.76 -0.12 3.78 13.2 184.2 -0.01 0 1.84 -11.5 -61.7 0.1 0.69 3.16 13.8 150 0.16 6.1 0.86 -11.5 -16.9 0.22 0.96 0 5 121.5 1.83 9.89 2 -22 -16.9 0.56 -0.77 -7.5 37 763.7 -0.86 -0.28 -3.5 -33.5 152.1 -0.1 -0.89 13 29 252.9 1.25 -0.94 3 -19 6.2 0.96 -0.08 -0.85
70 22.86 0.28 1 -14 1007 -0.8 -0.73 1.5 -46.5 373.5 0.58 -0.23 3.9 -9.2 -68.8 2.36 0.58 0.21 -18.5 10.4 -0.57 0.69 6.7 -0.2 -2.6 1.52 -0.27 1.05 -11.2 85 -2.11 -0.01 3.63 -17 -56.9 2.65 1.17 0.9 -27.5 89.6 -2.13 -0.23 -3 -45 715.2 -0.95 1.36 -2 -56 232.9 -0.26 -0.12 -7.5 30 554.7 0.58 -0.63 3 -25 229 -0.66 0.63 -3 11 789.5 -1.71 1.8 -6 -30 511.8 -2.3 0.52 0.52
61 24.59 -0.91 -17 12.5 639.7 -0.43 -0.22 10 -47 334.3 -0.13 2 1.96 -16.8 -82.2 0.32 1.55 -0.6 -22.7 -67.1 -0.46 0.57 -3.98 -1.7 -108.1 0.88 -0.76 -1.4 -11.7 36.9 -1.65 2.39 -5.31 -23 -96.7 0.44 2.34 -5.6 -29.2 -84.2 -0.29 3.95 -5 -57 386.1 -0.12 3.23 -6 -58 120.7 0.48 -0.55 -11 38 361.3 0.77 1.51 8 -36.5 264.2 -1.34 3.97 5 -24 334 0.73 3.68 9 -41 181.6 -0.13 0.33 0.81
88 25.26 1.72 52 -51 453.7 0.89 0.46 3.5 -65.5 419.5 -0.49 -0.27 -1.65 -4.4 43.4 0.41 -0.5 -0.24 -15.1 -107.5 0.92 1.27 4.35 2.1 77.1 0.01 -0.42 -0.69 -11.2 -138.2 2.48 0.8 3.7 4.7 100.8 -0.43 3.05 1.14 -12.8 13.9 -1.69 0.4 -2 -5 480.3 -1.24 3.64 0 -22 -6.2 0.71 2.08 43.5 -20.5 522.6 0.93 0.08 -1.5 -38.5 272.6 -0.29 1.59 19 -28 393.4 0.55 0.93 11 -41 315.6 -0.5 0 -0.7
67 25 1.36 36 -9 783 -1.19 0.01 -1.5 -50 308.2 -0.5 -1.12 -2.17 18.9 256.8 -1.23 0.48 1.21 -13.7 -94.8 0.96 -1.11 -4.24 29.4 225.6 -0.46 1.13 1.73 -12.1 -100.6 1.82 4.42 -3.54 13 290.4 -0.95 3.41 -2.32 -15.5 -81 1.37 3.16 -3 -14 772.3 0.54 6.72 2 -33 47 0.1 0.85 29.5 32.5 537.1 1.01 -0.57 -8.5 -29 54.1 0.62 0.27 0 27 1340.6 -2.94 -1.3 -14 -25 -11.9 1.4 -0.14 -0.06
